Hola
2
2
2
2
2
                     
                      
                       

                         

                           
                           4r24
                           34
                            
                            4 5
                            5
                             5
                              5
                              5 
                               5
                               5
                               5
                               5 
                                
                                 
                                 5
                                  5
                                   5
                                    
                                     5